fixed 0.2326 18843328
4 0.2562 18974964
8 0.2627 19192916
fixed 0.2953 18843328
4 0.275 18974964
8 0.2634 19192916
fixed 0.2585 18843328
4 0.2955 18974964
8 0.2645 19192916
fixed 0.2232 18843328
4 0.275 18974964
8 0.2749 19192916
fixed 0.2616 18843328
4 0.237 18974964
8 0.2714 19192916
fixed 0.2273 18843328
4 0.2337 18974964
8 0.2727 19192916
fixed 0.2517 18843328
4 0.2854 18974964
8 0.2662 19192916
fixed 0.2561 18843328
4 0.277 18974964
8 0.292 19192916
fixed 0.2635 18843328
4 0.2557 18974964
8 0.2773 19192916
fixed 0.2411 18843328
4 0.2442 18974964
8 0.282 19192916
fixed 0.2589 18843328
4 0.2195 18974964
8 0.2491 19192916
fixed 0.2487 18843328
4 0.2638 18974964
8 0.2616 19192916
fixed 0.2691 18843328
4 0.2495 18974964
8 0.2584 19192916
fixed 0.2293 18843328
4 0.2324 18974964
8 0.2487 19192916
fixed 0.2717 18843328
4 0.2462 18974964
8 0.277 19192916
fixed 0.2644 18843328
4 0.2978 18974964
8 0.257 19192916
fixed 0.2479 18843328
4 0.2865 18974964
8 0.2475 19192916
fixed 0.2558 18843328
4 0.261 18974964
8 0.3178 19192916
fixed 0.2665 18843328
4 0.2856 18974964
8 0.2516 19192916
fixed 0.2452 18843328
4 0.243 18974964
8 0.2747 19192916
