fixed 0.1593 4669824
4 0.1385 4769778
8 0.1397 4825490
fixed 0.1381 4669824
4 0.1354 4769778
8 0.1637 4825490
fixed 0.1403 4669824
4 0.1261 4769778
8 0.1723 4825490
fixed 0.1276 4669824
4 0.136 4769778
8 0.1421 4825490
fixed 0.1468 4669824
4 0.1334 4769778
8 0.1407 4825490
fixed 0.1491 4669824
4 0.1604 4769778
8 0.1446 4825490
fixed 0.1449 4669824
4 0.1614 4769778
8 0.1433 4825490
fixed 0.1485 4669824
4 0.1338 4769778
8 0.1749 4825490
fixed 0.1513 4669824
4 0.181 4769778
8 0.171 4825490
fixed 0.1547 4669824
4 0.1656 4769778
8 0.147 4825490
fixed 0.1554 4669824
4 0.1443 4769778
8 0.1538 4825490
fixed 0.1555 4669824
4 0.1508 4769778
8 0.1444 4825490
fixed 0.1208 4669824
4 0.1538 4769778
8 0.164 4825490
fixed 0.1386 4669824
4 0.1673 4769778
8 0.1584 4825490
fixed 0.1634 4669824
4 0.1639 4769778
8 0.162 4825490
fixed 0.157 4669824
4 0.1507 4769778
8 0.1438 4825490
fixed 0.1776 4669824
4 0.1737 4769778
8 0.1703 4825490
fixed 0.1625 4669824
4 0.1357 4769778
8 0.1369 4825490
fixed 0.1362 4669824
4 0.1522 4769778
8 0.1709 4825490
fixed 0.1501 4669824
4 0.1417 4769778
8 0.1581 4825490
