fixed 0.5423 68131508
4 0.6672 69399298
8 0.7351 70720608
fixed 0.6805 68131508
4 0.5832 69399298
8 0.6019 70720608
fixed 0.6559 68131508
4 0.5709 69399298
8 0.6144 70720608
fixed 0.6217 68131508
4 0.6501 69399298
8 0.8126 70720608
fixed 0.6874 68131508
4 0.5791 69399298
8 0.5938 70720608
fixed 0.5737 68131508
4 0.6798 69399298
8 0.5592 70720608
fixed 0.6184 68131508
4 0.8725 69399298
8 0.6487 70720608
fixed 0.5676 68131508
4 0.6046 69399298
8 0.5481 70720608
fixed 0.5574 68131508
4 0.5121 69399298
8 0.5327 70720608
fixed 0.5996 68131508
4 0.599 69399298
8 0.6437 70720608
fixed 0.5971 68131508
4 0.5763 69399298
8 0.5793 70720608
fixed 0.5729 68131508
4 0.5737 69399298
8 0.6173 70720608
fixed 0.6663 68131508
4 0.7095 69399298
8 0.6583 70720608
fixed 0.7075 68131508
4 0.6701 69399298
8 0.7132 70720608
fixed 0.595 68131508
4 0.6686 69399298
8 0.6247 70720608
fixed 0.5855 68131508
4 0.623 69399298
8 0.6299 70720608
fixed 0.5497 68131508
4 0.589 69399298
8 0.5955 70720608
fixed 0.5673 68131508
4 0.5644 69399298
8 0.596 70720608
fixed 0.5689 68131508
4 0.557 69399298
8 0.6837 70720608
fixed 0.6204 68131508
4 0.5377 69399298
8 0.593 70720608
