fixed 0.6287 37854248
4 0.7624 38326596
8 0.7231 38454564
fixed 0.5933 37854248
4 0.6131 38326596
8 0.7164 38454564
fixed 0.7655 37854248
4 0.6682 38326596
8 0.7636 38454564
fixed 0.6143 37854248
4 0.594 38326596
8 0.7015 38454564
fixed 0.6668 37854248
4 0.5894 38326596
8 0.6974 38454564
fixed 0.6496 37854248
4 0.599 38326596
8 0.724 38454564
fixed 0.7718 37854248
4 0.7192 38326596
8 0.671 38454564
fixed 0.6563 37854248
4 0.7706 38326596
8 0.7015 38454564
fixed 0.7575 37854248
4 0.7141 38326596
8 0.6523 38454564
fixed 0.692 37854248
4 0.7216 38326596
8 0.7477 38454564
fixed 0.6729 37854248
4 0.5991 38326596
8 0.6027 38454564
fixed 0.6179 37854248
4 0.6913 38326596
8 0.7373 38454564
fixed 0.7335 37854248
4 0.7033 38326596
8 0.7146 38454564
fixed 0.6182 37854248
4 0.6591 38326596
8 0.7022 38454564
fixed 0.6913 37854248
4 0.654 38326596
8 0.6663 38454564
fixed 0.6287 37854248
4 0.7758 38326596
8 0.6494 38454564
fixed 0.6021 37854248
4 0.6302 38326596
8 0.6743 38454564
fixed 0.6784 37854248
4 0.7773 38326596
8 0.6535 38454564
fixed 0.6149 37854248
4 0.7149 38326596
8 0.6824 38454564
fixed 0.6953 37854248
4 0.707 38326596
8 0.6967 38454564
