old 0.3256237770001462 0.653767 16550
new 0.258824628000184 0.49577499999999997 22056
old 0.3979511050001747 0.752633 17280
new 0.2496774330002154 0.4663280000000002 21403
old 0.36941177300013806 0.698312 17257
new 0.2698557919998166 0.49213399999999985 22377
old 0.3420630280002115 0.6603450000000002 16698
new 0.22699453799987168 0.4358319999999999 21078
old 0.4074932059997991 0.7885270000000001 17201
new 0.25708071000008204 0.48604400000000003 20786
old 0.280241962999753 0.5638980000000001 16748
new 0.26948084800005745 0.5000020000000002 23772
old 0.27648080400012987 0.5270219999999999 18212
new 0.24871450899991032 0.5079950000000002 21385
old 0.33727570500013826 0.6368579999999999 17125
new 0.266645026000333 0.5230249999999999 21865
old 0.331968900999982 0.6046780000000003 17022
new 0.26322181500017905 0.510905 23247
old 0.48990406400025677 1.0386990000000003 16532
new 0.2810268590001215 0.5380620000000003 23006
old 0.26966887900016445 0.509509 16128
new 0.2618022579999888 0.49253499999999983 21096
old 0.2330000070001006 0.4598889999999999 16827
new 0.2541959720001614 0.47277400000000025 22864
