old 0.5827844000000368 1.27481 39371
new 0.5983927440001935 1.3527649999999998 46002
old 0.6784830859996873 1.9441259999999998 39328
new 0.5487937240000065 1.2928449999999998 52050
old 0.6835448519996135 1.878872 38969
new 0.5603571419997024 1.2288519999999998 48282
old 0.6974878589999207 1.8387579999999997 39205
new 0.5696016409997355 1.3104939999999998 45027
old 0.6258010990000002 1.6187280000000004 38712
new 0.5587442599999122 1.296005 51091
old 0.6789038820002133 1.7445439999999997 39130
new 0.6032477389999258 1.3698 53386
old 0.691761795000275 1.787099 38758
new 0.5811988860000383 1.356785 47475
old 0.6684225570002127 1.6835229999999997 38894
new 0.6154319820002456 1.3716029999999997 48458
old 0.7177012010001818 1.9826259999999998 39587
new 0.5518677069999285 1.261876 51748
old 0.7147888929998771 1.8828469999999997 39164
new 0.5441922499999237 1.220155 46943
old 0.6959938879999754 1.805142 39266
new 0.560256799000399 1.2906240000000002 48726
old 0.7537159190001148 2.0345509999999996 39651
new 0.6154322209999918 1.403115 50993
