old 0.13976705100003528 0.28003500000000003 6081
new 0.14977242999975715 0.27355300000000005 9839
old 0.1989973720001217 0.4900309999999999 6406
new 0.15031535999969492 0.28213600000000016 10064
old 0.2315867510001226 0.6289279999999999 6252
new 0.1628776780003136 0.26963199999999987 12396
old 0.15330208600016704 0.296011 6121
new 0.14941065099992556 0.2635560000000001 11078
old 0.155567321000035 0.29654000000000014 6152
new 0.13457481599971288 0.2625479999999999 12286
old 0.16286667500025942 0.42559500000000006 6332
new 0.1404032229997938 0.26294399999999996 10915
old 0.15382821399998647 0.41941300000000004 6334
new 0.15507281600002898 0.29739400000000005 11598
old 0.23442798899986883 0.3654740000000001 5997
new 0.14565578300016568 0.26219400000000004 9928
old 0.226254326000344 0.5300179999999999 6320
new 0.15093151999963084 0.29597700000000016 9691
old 0.13103636300002108 0.29197799999999996 6148
new 0.15378318600005514 0.260737 11448
old 0.13601836999987427 0.257478 6173
new 0.1505658900000526 0.27113699999999996 11058
old 0.15146219000007477 0.3341839999999998 6263
new 0.1698115490003147 0.3184260000000001 11363
