old 0.8718175510002766 2.368185 72914
new 0.7267531659999804 1.754492 80444
old 1.0246496820000175 2.5240579999999997 74748
new 0.6637301200003094 1.6678300000000001 84463
old 0.7703523969998969 1.9950139999999998 69906
new 0.5508154130002367 1.449414 85243
old 0.7420417389998875 2.105725 77020
new 0.553755703999741 1.448165 81716
old 0.7753558669996892 1.9417349999999998 75820
new 0.660534663999897 1.6296150000000003 83281
old 0.8490261150000151 2.18742 79608
new 0.6458682130000852 1.6539719999999998 83416
old 1.1356525710002643 2.8513400000000004 74487
new 0.8064242069999636 1.8743150000000002 83232
old 0.826949501999934 2.186129 76721
new 0.5842515600002116 1.4979800000000003 85089
old 0.802598959000079 2.1866280000000007 74486
new 0.6852035309998428 1.6963790000000003 84535
old 0.8203546049999204 2.127702 75418
new 0.7178510339999775 1.751332 83830
old 0.7790768230001959 1.9670489999999998 74397
new 0.63920115899964 1.6113720000000002 82815
old 0.7926936610001576 2.026364 74216
new 0.6238094410000485 1.5889159999999998 83939
